1 17.373906523369158
2 27.76505873531617
3 46.68407898025494
4 44.59960009997501
5 44.78755311172207
6 60.5486128467883
7 25.95426143464134
8 44.75581104723819
9 32.51612096975756
10 54.39915021244689
11 38.83654086478381
12 26.514371407148214
13 30.00049987503124
14 55.878530367408146
15 21.525868532866784
16 46.862784303924016
17 60.5486128467883
18 37.848537865533615
19 68.77755561109723
20 54.63409147713072
21 55.52711822044489
22 49.296175956011
23 50.026493376655836
24 38.303924018995254
25 46.25568607848038
26 44.90952261934516
27 46.293676580854786
28 23.256685828542864
29 51.096975756060985
30 55.083979005248686
31 28.12721819545114
32 66.35216195951013
33 30.492126968257935
34 41.14496375906023
35 53.45588602849288
36 23.57810547363159
37 19.777305673581605
38 25.146213446638342
39 40.47588102974257
40 49.08797800549863
41 55.57985503624094
42 59.33491627093227
43 26.410147463134216
44 26.870782304423894
45 69.19745063734067
46 58.122969257685575
47 39.328167958010496
48 13.024243939015246
49 42.19570107473132
50 49.36940764808798
51 49.68782804298925
52 42.446138465383655
53 28.008997750562358
54 51.831792051987
55 38.66483379155211
56 59.71507123219195
57 26.562109472631843
58 28.884778805298676
59 44.444638840289926
60 24.585103724068983
61 40.00924768807798
62 19.75081229692577
63 47.976505873531615
64 37.082479380154965
65 24.283929017745564
66 56.390152461884526
67 59.783554111472135
68 24.65083729067733
69 43.09072731817046
70 36.894276430892276
71 28.244938765308675
72 31.284678830292428
73 30.50662334416396
74 29.47013246688328
75 41.4916270932267
76 31.39465133716571
77 47.56035991002249
78 36.64633841539615
79 56.313671582104476
80 20.617845538615345
81 47.67958010497376
82 29.00699825043739
83 22.76005998500375
84 26.145713571607097
85 29.998500374906275
86 49.016495876030994
87 68.30317420644839
88 43.07323169207698
89 31.845538615346165
90 29.192701824543864
91 41.38965258685329
92 41.83479130217446
93 20.807298175456136
94 35.786553361659585
95 33.049487628092976
96 39.38840289927518
97 19.705073731567108
98 48.49312671832042
99 35.02549362659335
100 57.103974006498376
101 29.797550612346914
102 33.26018495376156
103 46.318420394901274
104 35.4941264683829
105 62.9905023744064
106 39.453386653336665
107 23.39965008747813
108 29.772556860784803
109 55.895526118470386
110 29.04523869032742
111 58.47888027993002
112 31.940764808797802
113 43.466383404148964
114 30.35616095976006
115 54.163209197700574
116 49.319920019995
117 24.875031242189454
118 21.471132216945765
119 26.137965508622845
120 23.703574106473383
121 21.782804298925267
122 30.314421394651337
123 32.15546113471632
124 33.18820294926268
125 53.314171457135714
126 41.77430642339415
127 39.41689577605599
128 43.68732816795801
129 69.87253186703325
130 56.575856035991
131 42.22319420144964
132 52.26318420394901
133 53.87103224193952
134 65.39665083729068
135 41.10372406898276
136 55.28492876780805
137 61.38240439890028
138 48.62484378905274
139 71.71257185703574
140 64.51987003249188
141 51.40564858785304
142 42.79005248687828
143 45.7630592351912
144 52.47538115471132
145 56.98975256185953
146 34.1374656335916
147 47.744813796550865
148 29.65233691577106
149 39.33816545863534
150 55.082479380154965
151 50.4786303424144
152 47.99725068732817
153 39.61409647588103
154 47.40364908772807
155 66.25743564108973
156 58.47288177955511
157 47.989002749312675
158 26.47538115471132
159 31.67558110472382
160 48.19145213696576
161 55.8590352411897
162 46.874281429642586
163 39.834041489627595
164 53.80904773806548
165 50.464383904024
166 43.82054486378405
167 59.709072731817045
168 49.04923769057736
169 51.57660584853787
170 60.97575606098476
171 37.8045488627843
172 37.494876280929766
173 70.407648087978
174 56.83954011497126
175 54.30142464383904
176 37.29142714321419
177 51.40489877530617
178 43.433141714571356
179 51.185953511622095
180 63.163209197700574
181 46.11322169457635
182 29.870282429392653
183 49.862784303924016
184 32.66633341664584
185 55.84503874031492
186 24.827793051737064
187 30.74856285928518
188 61.31017245688578
189 50.32366908272932
190 32.485128717820544
191 58.053986503374155
192 41.32191952011997
193 50.20394901274681
194 63.802799300174954
195 53.453386653336665
196 67.44488877780555
197 56.23719070232442
198 42.57960509872532
199 36.06798300424894
200 49.20644838790302
201 45.336915771057235
202 35.02574356410897
203 44.297925518620346
204 42.38215446138465
205 62.53211697075731
206 50.66833291677081
207 58.472131967008245
208 53.11872031992002
209 42.305423644088975
210 54.47563109222694
211 57.82454386403399
212 54.685828542864286
213 38.4703824043989
214 63.845538615346165
215 40.763809047738064
216 56.443139215196204
217 49.12046988252937
218 48.78405398650337
219 69.50762309422645
220 48.05348662834292
221 45.82329417645589
222 54.95451137215696
223 40.80579855036241
224 46.10497375656086
225 48.08347913021745
226 45.35891027243189
227 41.34316420894776
228 44.40814796300925
229 46.01999500124969
230 57.739065233691576
231 54.12771807048238
232 51.18645338665333
233 47.20819795051237
234 47.95876030992252
235 35.42514371407148
236 43.00699825043739
237 50.509372656835794
238 54.10347413146713
239 60.60684828792802
240 52.91552111972007
241 38.84803799050238
242 53.59585103724069
243 55.11897025743564
244 15.379905023744064
245 58.81654586353412
246 52.960509872531865
247 42.81604598850287
248 27.141964508872782
249 50.83454136465883
250 50.87453136715821
251 39.663084228942765
252 35.923019245188705
253 43.43989002749313
254 48.70432391902025
255 40.417395651087226
256 53.132716820794805
257 54.47538115471132
258 53.918770307423145
259 40.13096725818546
260 62.87653086728318
261 70.53561609597601
262 54.339915021244686
263 43.245188702824294
264 54.493626593351664
265 50.65633591602099
266 58.05148712821794
267 61.519620094976254
268 47.3649087728068
269 67.29842539365158
270 41.66983254186454
271 42.79180204948763
272 51.50262434391402
273 48.83154211447138
274 40.213446638340415
275 39.75456135966009
276 52.507623094226446
277 51.615596100974756
278 49.28092976755811
279 49.47713071732067
