1 -21960.0
2 -19275.0
3 -27370
4 -40190
5 -29015.0
6 -35295.0
7 -7410.0
8 -10775.0
9 -16210.0
10 -36500
11 -14070.0
12 -980.0
13 -24680.0
14 -18275.0
15 -31495
16 -7845.0
17 -32035.0
18 -37415
19 -14490.0
20 -40800
21 -33410.0
22 -16805.0
23 -20955.0
24 -18260
25 -20205.0
26 -25510.0
27 -4945.0
28 -33890
29 -7045.0
30 -32085
31 -35465.0
32 -16780.0
33 -15265
34 -33780.0
35 -14115.0
36 -29690.0
37 -21765.0
38 -28805.0
39 -31680
40 -31450
41 -21330.0
42 -26105
43 -22270
44 2825.0
45 -24890
46 -31875.0
47 -26575
48 -22825.0
49 -17600.0
50 -40820
51 -13200.0
52 -32900
53 -36350.0
54 -23015.0
55 -6335.0
56 -2990.0
57 -9400.0
58 -35030
59 -40115
60 -17805.0
61 -5930.0
62 -22830.0
63 -22840.0
64 -36140
65 -13285
66 -25130.0
67 -12575.0
68 -19430.0
69 -21605
70 -33830
71 -29700.0
72 -10920.0
73 -32495.0
74 -12955.0
75 -18125.0
76 -21555.0
77 -28645.0
78 -19975.0
79 -16840
80 -17130
81 -5770.0
82 -32790.0
83 -21975.0
84 -8295.0
85 -10755.0
86 -21330
87 -8015.0
88 -35000
89 -18285.0
90 -9040.0
91 -4475.0
92 -11235.0
93 -25555
94 -16735.0
95 -20610.0
96 -2750.0
97 -12565.0
98 -24560
99 -34475
100 -25135.0
101 -25835.0
102 -21725.0
103 -29765
104 -20410.0
105 -14530.0
106 -24380.0
107 -28010
108 -18795.0
109 -21985.0
110 -24905.0
111 -37260
112 -31415.0
113 -21180.0
114 -23600
115 -5190.0
116 -40130
117 -15800
118 -21245.0
119 -2855.0
120 -13215
121 -22430.0
122 -18255.0
123 -8135.0
124 -8660.0
125 -17670.0
126 -17110.0
127 -14505.0
128 -15790.0
129 -9480.0
130 -13265.0
131 -19415.0
131 -485.0
132 -6700.0
133 -3165.0
134 -6725.0
135 985.0
136 -2470.0
137 2890.0
138 -20540.0
139 5955.0
140 -675.0
141 -11170.0
142 -11450
143 -6355.0
144 -7915.0
145 -10770.0
146 -1910.0
147 -12225.0
148 -11435.0
149 -3945.0
150 -18905
151 -3795.0
152 -13390.0
153 -2570.0
154 -5925.0
155 5285.0
156 -15705.0
157 -1335.0
158 -390.0
159 -9355.0
160 -16085.0
161 -8090.0
162 -7110.0
163 -19225.0
164 -9770.0
165 -8410.0
166 -8420.0
167 -15220.0
168 -13715.0
169 -2265.0
170 -11745.0
171 -1995.0
172 -6450.0
173 2385.0
174 -1160.0
175 4940.0
176 -1455.0
177 3035.0
178 -8570.0
179 -6865.0
180 -5785.0
181 6065.0
131 -8415.0
132 -915.0
133 -6190.0
134 -12020.0
134 -1940.0
135 5980.0
136 -15585.0
137 -18390.0
138 -11450
139 -23470.0
140 -17635.0
141 -28425.0
142 -23500.0
143 -7510
144 -22085.0
145 -4445.0
146 -13730.0
147 1685.0
148 2120.0
149 3105.0
150 3440.0
151 -10745.0
152 -32620
153 -20355.0
154 -20145.0
155 -9925.0
156 -4915.0
156 -7305.0
157 2090.0
158 -1460.0
159 -11090.0
160 -2185.0
161 -16660.0
162 -12420.0
163 11185.0
164 -4260.0
165 -1650.0
166 -1945.0
167 -615.0
168 -3640.0
169 7565.0
170 -5610.0
171 -5615.0
172 2595.0
173 -285.0
173 -565.0
174 -1785.0
175 -4320.0
176 -9885.0
177 -10490.0
178 -11750.0
179 1850.0
180 2655.0
181 -6355.0
182 -3710.0
